---
password: 748ed468e0f9deabc66d6845965996663a778eeb7699d79ec0da333f4634d0c6
ip: 1.52.139.159
firstlogin: 1565767962296.000000
lastlogin: 1565768019968.000000
...
