---
password: 06590f363cba552813da2405cef0e4dd55aeb2ee8de209ecf4db8c0b79baa24b
ip: 42.113.194.68
firstlogin: 1565524527482.000000
lastlogin: 1565865301009.000000
...
