---
password: 39139e5daa25eadf95e903e86133ee032e69f4529296e19c4eef3629a9108b03
ip: 171.247.193.116
firstlogin: 1565629376336.000000
lastlogin: 1565860171331.000000
...
