---
password: 9ae974dc29e2a456abed50848dcdb34929e74d69d376b60f967575daea815b46
ip: 113.173.59.1
firstlogin: 1565856494637.000000
lastlogin: 1565859309711.000000
...
