---
password: 2e541298aa916314d273e9b6500de6e1b3dcb77182e23701f336258e233786b9
ip: 27.2.84.58
firstlogin: 1565663837052.000000
lastlogin: 1565755068128.000000
...
