---
password: 6918f331af8bbfc268c8ebfd340890087fe8f1400c78bdcf80ec53147dd00941
ip: 113.174.8.3
firstlogin: 1565846935630.000000
lastlogin: 1565866800761.000000
...
