---
password: 748ed468e0f9deabc66d6845965996663a778eeb7699d79ec0da333f4634d0c6
ip: 42.116.184.121
firstlogin: 1565862917548.000000
lastlogin: 1565862917553.000000
...
