---
password: 2bf33dad05eb008b7610b9c89b4f3dabe96e4a58635e623382ba748891e4c71a
ip: 103.7.39.204
firstlogin: 1565684833081.000000
lastlogin: 1565684833137.000000
...
