---
password: 839506559fc6c477f567bdb51c0bfcc12e7c0a3f5d626358af3b83f8efc97369
ip: 192.168.43.113
firstlogin: 1563842739627.000000
lastlogin: 1563842739630.000000
...
