---
password: 2e899a7127459ff3fedb7b6659477ea9155c02c135e915ee448770f9aed7afd4
ip: 192.168.1.2
firstlogin: 1563677718005.000000
lastlogin: 1563696703870.000000
...
