---
password: 99d95b71384282ae96e9713ea91f5f7a6f61521def9819fcee1f2175181d59fc
ip: 117.5.87.174
firstlogin: 1565610328630.000000
lastlogin: 1565693219658.000000
...
