---
password: 0621f9f8018526cbacfa2c74842941a2969c6e8a1e36fdb1f0b5f0e03db774d1
ip: 42.116.162.143
firstlogin: 1565520949241.000000
lastlogin: 1565865683664.000000
...
