---
password: 932f3c1b56257ce8539ac269d7aab42550dacf8818d075f0bdf1990562aae3ef
ip: 42.119.147.152
firstlogin: 1565842171179.000000
lastlogin: 1565865980909.000000
...
