---
password: 5fa0c747679648216caf4ab1ab7255aca8f2f1289a56d0aba279711ae9c0519b
ip: 192.168.1.2
firstlogin: 1563701799455.000000
lastlogin: 1563777652194.000000
...
