---
password: 519e797eea1871f400c027922c1daf7e1da14b042d00cf9724e1236bf61ca904
ip: 192.168.1.2
firstlogin: 1563594371466.000000
lastlogin: 1563594387742.000000
...
