---
password: 8196cf158d48c29aae1a94150abf005e83ab913cb258d6a5f2e2d5dd73282a51
ip: 192.168.1.2
firstlogin: 1563778124175.000000
lastlogin: 1563798382633.000000
...
