---
password: 73301cecf8e00bd857b319c17e86c16da009b69c20688bdf5e51e2fe0438cd72
ip: 116.108.250.145
firstlogin: 1565616291981.000000
lastlogin: 1565768031832.000000
...
