---
password: 1d3aa0227080b7949c73e6933c56ed9132395e3d1ba2d80a3f08b5b9f10fdafd
ip: 14.168.126.208
firstlogin: 1565532746117.000000
lastlogin: 1565846869965.000000
...
