---
password: 5e211b962e030e558345deb9113f693c3c14168367f7002249d7e38c3af17b99
ip: 113.174.51.100
firstlogin: 1565860064593.000000
lastlogin: 1565865449584.000000
...
