---
password: 023a9db79b9bbd42163d8ab658491358c07f0940ceaa197d2a03c43567f55ea7
ip: 113.168.163.127
firstlogin: 1565629271784.000000
lastlogin: 1565665796631.000000
...
