---
password: 5509e0a13d0f428e073092f63940ad5d445dbd7d48e33aa427cb80362a1dda80
ip: 125.214.58.140
firstlogin: 1565860046245.000000
lastlogin: 1565866214602.000000
...
