---
password: 6445e373d7fcde106bfcb897ee8f0bb28589bd7797f54f1ef4e5d5447cfbd011
ip: 1.52.110.100
firstlogin: 1565615445210.000000
lastlogin: 1565762813996.000000
...
