---
password: 32382b6b766c313e8b6d2443c9067350745e9369272416986ad4e6d945189327
ip: 192.168.1.2
firstlogin: 1565142012185.000000
lastlogin: 1565145412616.000000
...
