---
password: 32382b6b766c313e8b6d2443c9067350745e9369272416986ad4e6d945189327
ip: 14.233.199.39
firstlogin: 1565429961057.000000
lastlogin: 1565429961063.000000
...
