---
JeroGamingYTB: 11.500000
KhoiGaming5477: 16.000000
Tui_La_Hacker_VN: 0
thanhbaoVNTWO: 146.000000
nitacsv6: 0
anh_binn: 73.000000
bakachia: 162.000000
CHT_depzai: 362.500000
GraphicCake3622: 6.000000
Taehyoung: 1
JeroGaming: 12.000000
HaiThichQuayXe: 5.500000
CongAnthanhpho: 1
CongAnTinh: 1
CongAnPhuong: 1
BayMacaroon6195: 2.500000
NRO: 1
MrNoob: 15.000000
Ong_Lao: 3.000000
Ghast_Noob: 9.000000
NoobSkyBlock: 42.000000
Be_Na: 185.000000
meochan: 30.000000
hiepboy2007: 28.500000
Coidubai001: 65.500000
RiceCrop: 154.000000
Tieu_An: 110.500000
NgaotubeTN: 1
mimiyari2k8: 1
cutokhonglodoi: 10.500000
KaiHeRoVN: 1
HuyHeroVNError: 1
mimi: 103.500000
Virus_Corona: 1
B6xoibi_6toxa: 0
YTBJero: 2.000000
JeroGameZZ: 1
TinhGamerVN: 87.500000
tretrauluan123: 0
Khoa: 5.000000
khoastr: 0
Karate_: 1
...
