---
password: 8b4fb1b0ec71d1d3c2ac2b210e58d8b7c12b94d8b982034207cec1981b8cafea
ip: 171.236.69.155
firstlogin: 1612721009786.000000
lastlogin: 1612721009787.000000
...
