---
version: 2
money:
  locvlogtm: 4495656.350000
  doraemon: 999980447999.000000
  cu_ga_pmmp: 0.000000
  curliestdrake66: 0.000000
  meo_my: 9169925.000000
  vinhvn: 0.000000
  clickedbubble52: 0.000000
  hkt_gaming2: 0.000000
  sorve: 0.000000
  vinhmc_ytb123: 5.000000
  vinhmc_ytb: 0.000000
  zakurachanyt: 0.000000
  pikaboy2020: 40.000000
  phananh0967: 0.000000
  ovil: 0.000000
  jeefthecuto: 0.000000
  boi_vn1234: 3525679.200000
  steve: 3188.100000
  playu881: 0.000000
  pikaboy2019: 0.000000
  tranhai: 0.000000
  jack_303: 988489791.010000
  ghast_noob: 43999.000000
  cub: 661783.350000
  cub_o_ngiu: 0.000000
  jaypii: 0.000000
  s4khanh917151: 61172.200000
  vqdyktgtmckpiqvn: 0.000000
  zakurachan: 0.000000
  yellow: 942707.000000
  wither: 0.000000
  archaicpigeon48: 279899.000000
  fireboy_vn_mc: 0.000000
  linh_mcpe: 50472.000000
  rem: 999105339.600000
  kirito_vlgame: 8091.050000
  fbiayuto: 5230.150000
  bestgamer: 0.000000
  ares_: 2719837.300000
  slimeboyvn: 0.000000
  phuong_nguyen: 63413.850000
  hieuvn: 0.000000
  khoa9090: 0.000000
  funny_un: 2735115.350000
  s5kaizogaming: 19311808.000000
  minepig: 996.050000
  taicuto: 582300.000000
  tayhungseyu: 0.000000
  zzquangminhzz: 2952.000000
  ___shin___: 0.000000
  u_u: 0.000000
  creeper_noob: 598000.000000
  soi_gaming: 0.000000
  khoa909: 0.000000
  kaito_123: 0.000000
  meobeoim: 0.000000
  q1_jero: 103693000.000000
  meochan: 1000
  hieuminer: 1103190999.000000
  s1meo_sumi_: 1001000.000000
  phongboymc: 1000
  fox_cute: 1000
  ________________: 1000
  dragon_boy_mc: 1000
  cow_xd: 1000
  dat_bluestar: 1000
...
