---
version: 2
money:
  jerogamingyt: 1000
  noobskyblock: 1000
  cht_depzai: 4087165.450000
  tieu_an: 3415862.560000
  anh_binn: 538895.600000
  nitacsv6: 661895.400000
  coidubai001: 1000
  bakachia: 499407.000000
  tui_la_hacker_vn: 4677619.210000
  baymacaroon6195: 1000.000000
  ghast_noob: 204000.000000
  ngaotubetn: 1000
  mimiyari2k8: 32361.300000
  cutokhonglodoi: 4000.000000
  kaiherovn: 1000
  huyherovnerror: 1000
  meochan: 1000
  mimi: 45950.000000
  thanhbaovntwo: 5005400.000000
  virus_corona: 1000
  haithichquayxe: 1000
  ytbjero: 1000
  b6xoibi_6toxa: 5000.000000
  tinhgamervn: 57360521.800000
  jerogamezz: 4000.000000
  tretrauluan123: 6000.000000
  khoa: 4000.000000
  khoastr: 20366.460000
  karate_: 138173.750000
  thuy_chau: 1000
...
