---
sb:
  X: 132.412300
  "Y": 14.000000
  Z: 136.743200
  Yaw: 96
  Pitch: -10
world:
  X: 127.484800
  "Y": 5.000000
  Z: 109.657600
  Yaw: 89
  Pitch: 12
...
